4.833333333333333
5.0
5.166666666666667
5.166666666666667
5.333333333333333
5.5
5.666666666666667
11.0
11.166666666666666
11.333333333333334
11.5
11.666666666666666
11.833333333333334
12.0
12.166666666666666
12.333333333333334
12.5
12.666666666666666
12.833333333333334
29.333333333333332
29.5
29.666666666666668
29.833333333333332
30.0
30.166666666666668
30.333333333333332
30.5
30.666666666666668
30.833333333333332
31.0
31.5
31.666666666666668
31.833333333333332
32.0
32.166666666666664
32.333333333333336
32.5
32.666666666666664
32.833333333333336
33.0
33.166666666666664
33.333333333333336
34.5
34.666666666666664
34.833333333333336
35.0
35.166666666666664
35.333333333333336
35.5
35.666666666666664
35.833333333333336
36.0
36.166666666666664
36.333333333333336
36.5
36.666666666666664
36.833333333333336
37.0
37.166666666666664
37.333333333333336
37.5
37.666666666666664
37.833333333333336
